[gd_scene load_steps=56 format=2]

[ext_resource path="res://props/cilindro/base_redondo.tscn" type="PackedScene" id=1]
[ext_resource path="res://texturas/rainbow-textures.jpg" type="Texture" id=2]
[ext_resource path="res://player/Player.tscn" type="PackedScene" id=3]
[ext_resource path="res://maps/cods_masp2/Player.gd" type="Script" id=4]
[ext_resource path="res://maps/cods_masp2/base_map.gd" type="Script" id=5]
[ext_resource path="res://player/luna.tscn" type="PackedScene" id=6]
[ext_resource path="res://props/cilindro/base_superior.tscn" type="PackedScene" id=7]
[ext_resource path="res://props/cilindro/base_superior_cortado.tscn" type="PackedScene" id=8]
[ext_resource path="res://maps/cods_masp2/colisions_sensores/area_jump_collider.gd" type="Script" id=9]
[ext_resource path="res://maps/cods_masp2/area_play_music.gd" type="Script" id=10]
[ext_resource path="res://songs/NIVIRO-The-Labyrinth-_NCS-Release_.ogg" type="AudioStream" id=11]
[ext_resource path="res://maps/cods_masp2/colisions_sensores/area_change_speed.gd" type="Script" id=12]
[ext_resource path="res://maps/cods_masp2/colisions_sensores/area_jump_collider2.gd" type="Script" id=13]
[ext_resource path="res://maps/cods_masp2/colisions_sensores/area_jump_rotate_collider4.gd" type="Script" id=14]
[ext_resource path="res://maps/cods_masp2/colisions_sensores/area_stop_moves.gd" type="Script" id=15]
[ext_resource path="res://maps/cods_masp2/colisions_sensores/area_move_final.gd" type="Script" id=16]
[ext_resource path="res://maps/cods_masp2/colisions_sensores/area_move_final-atak.gd" type="Script" id=17]
[ext_resource path="res://maps/cods_masp2/luna.gd" type="Script" id=18]
[ext_resource path="res://props/laser_machine/laser_horizontal-v2.tscn" type="PackedScene" id=19]
[ext_resource path="res://maps/cods_masp2/Area_morte_player.gd" type="Script" id=20]
[ext_resource path="res://props/laser_machine/laser_vertical-v2.tscn" type="PackedScene" id=21]
[ext_resource path="res://texturas/sphere.png" type="Texture" id=22]
[ext_resource path="res://maps/cods_masp2/ball_smash.gd" type="Script" id=23]
[ext_resource path="res://props/cilindro/base_circulo.tscn" type="PackedScene" id=24]
[ext_resource path="res://texturas/esferas/golden-esfera.png" type="Texture" id=25]
[ext_resource path="res://texturas/esferas/bronze-esfera.png" type="Texture" id=26]
[ext_resource path="res://texturas/esferas/silver-esfera.png" type="Texture" id=27]
[ext_resource path="res://maps/cods_map1/UI_coins.gd" type="Script" id=28]
[ext_resource path="res://maps/cods_map1/UI_pontuacao.gd" type="Script" id=29]
[ext_resource path="res://maps/cods_map1/UI_falha.gd" type="Script" id=30]
[ext_resource path="res://songs/load.wav" type="AudioStream" id=31]
[ext_resource path="res://props/coin/coin.tscn" type="PackedScene" id=32]
[ext_resource path="res://maps/cods_map1/coin.gd" type="Script" id=33]
[ext_resource path="res://songs/coin-collect.wav" type="AudioStream" id=34]

[sub_resource type="BoxShape" id=1]
extents = Vector3( 2.15652, 0.791998, 0.1127 )

[sub_resource type="Environment" id=2]
ambient_light_color = Color( 1, 1, 1, 1 )
auto_exposure_max_luma = 0.0
ss_reflections_enabled = true
ss_reflections_fade_in = 0.219613
ss_reflections_fade_out = 0.63728
ss_reflections_depth_tolerance = 23.0
glow_enabled = true
glow_intensity = 1.0
glow_strength = 0.9
glow_blend_mode = 1

[sub_resource type="QuadMesh" id=3]

[sub_resource type="SpatialMaterial" id=4]
albedo_texture = ExtResource( 2 )
emission_enabled = true
emission = Color( 0, 0.835294, 1, 1 )
emission_energy = 1.0
emission_operator = 0
emission_on_uv2 = false
emission_texture = ExtResource( 2 )

[sub_resource type="SphereMesh" id=5]
flip_faces = true
is_hemisphere = true

[sub_resource type="SpatialMaterial" id=6]
albedo_color = Color( 0.054902, 0.054902, 0.054902, 1 )

[sub_resource type="BoxShape" id=7]
extents = Vector3( 1, 1.18948, 1 )

[sub_resource type="CubeMesh" id=8]

[sub_resource type="SpatialMaterial" id=9]
albedo_color = Color( 0.133333, 0.133333, 0.133333, 1 )

[sub_resource type="Animation" id=10]
resource_name = "bal_launcher"
length = 2.0
tracks/0/type = "transform"
tracks/0/path = NodePath(".")
tracks/0/interp = 1
tracks/0/loop_wrap = true
tracks/0/imported = false
tracks/0/enabled = true
tracks/0/keys = PoolRealArray( 0.8, 1, 2.40805, 1.3121, 0, 0, 0, 0, 1, 1, 1, 1, 2, 1, 54.5639, 1.3121, 0, 0, 0, 0, 1, 1, 1, 1 )

[sub_resource type="SphereMesh" id=11]

[sub_resource type="SpatialMaterial" id=12]
albedo_color = Color( 0, 0.905882, 1, 1 )
albedo_texture = ExtResource( 22 )
emission_enabled = true
emission = Color( 0, 1, 1, 1 )
emission_energy = 0.45
emission_operator = 0
emission_on_uv2 = false
emission_texture = ExtResource( 22 )

[sub_resource type="SphereShape" id=13]
radius = 13.5953

[sub_resource type="Animation" id=14]
resource_name = "afundar_mapa"
length = 2.0
tracks/0/type = "transform"
tracks/0/path = NodePath("base_principal")
tracks/0/interp = 1
tracks/0/loop_wrap = true
tracks/0/imported = false
tracks/0/enabled = true
tracks/0/keys = PoolRealArray( 0, 1, 0, 17.0884, 0, 0, 0, 0, 1, 1, 1, 1, 2, 1, 0, -34.9077, 0, 0, 0, 0, 1, 1, 1, 1 )
tracks/1/type = "transform"
tracks/1/path = NodePath("plataformas")
tracks/1/interp = 1
tracks/1/loop_wrap = true
tracks/1/imported = false
tracks/1/enabled = true
tracks/1/keys = PoolRealArray( 0, 1, 0, 0, 0, 0, 0, 0, 1, 1, 1, 1, 2, 1, 0, -51.9962, 0, 0, 0, 0, 1, 1, 1, 1 )

[sub_resource type="BoxShape" id=15]
extents = Vector3( 1.52203, 0.0211211, 2.87084 )

[sub_resource type="BoxShape" id=16]
extents = Vector3( 1, 8.76118, 0.0197538 )

[sub_resource type="Animation" id=17]
resource_name = "cam_ampla"
length = 6.5
tracks/0/type = "transform"
tracks/0/path = NodePath(".")
tracks/0/interp = 1
tracks/0/loop_wrap = true
tracks/0/imported = false
tracks/0/enabled = true
tracks/0/keys = PoolRealArray( 0, 1, -144.801, -11.2606, -62.2047, -0.104122, -0.604109, -0.0800259, 0.786007, 1, 1, 1, 2, 1, -68.1596, 17.7269, -81.9538, -2.13951e-08, 0.99134, 0.131322, 1.6151e-07, 1, 1, 1, 3.3, 1, -7.02237, 30.6447, -67.8649, -0.0361455, 0.953049, 0.12625, 0.272859, 1, 1, 1, 5.2, 1, 20.299, 13.242, -28.779, -0.0148443, 0.984986, 0.130481, 0.112059, 1, 1, 1, 6.5, 1, 0.001, 1.421, -1.984, -2.13951e-08, 0.99134, 0.131322, 1.6151e-07, 1, 1, 1 )

[sub_resource type="Animation" id=18]
length = 0.1
tracks/0/type = "transform"
tracks/0/path = NodePath("../..")
tracks/0/interp = 1
tracks/0/loop_wrap = true
tracks/0/imported = false
tracks/0/enabled = true
tracks/0/keys = PoolRealArray( 0, 1, -67.5797, 34.9104, -0.24836, 0, 0, 0, 1, 1, 1, 1, 0.1, 1, -67.5797, 34.9104, -0.24836, 0, -0.707107, 0, 0.707107, 1, 1, 1 )

[sub_resource type="Animation" id=19]
tracks/0/type = "transform"
tracks/0/path = NodePath("../..")
tracks/0/interp = 1
tracks/0/loop_wrap = true
tracks/0/imported = false
tracks/0/enabled = true
tracks/0/keys = PoolRealArray( 0, 1, -67.5797, 34.9104, -0.24836, 0, 1, 0, -1.62921e-07, 1, 1, 1, 0.1, 1, -67.5797, 34.9104, -0.24836, 0, 0, 0, 1, 1, 1, 1 )

[sub_resource type="Animation" id=20]
tracks/0/type = "transform"
tracks/0/path = NodePath("../..")
tracks/0/interp = 1
tracks/0/loop_wrap = true
tracks/0/imported = false
tracks/0/enabled = true
tracks/0/keys = PoolRealArray( 0, 1, -67.5797, 34.9104, -0.24836, 0, 0, 0, 1, 1, 1, 1, 0.1, 1, -67.5797, 34.9104, -0.24836, 0, 0.707107, 0, 0.707107, 1, 1, 1, 0.2, 1, -67.5797, 34.9104, -0.24836, 0, 1, 0, -1.62921e-07, 1, 1, 1 )

[sub_resource type="BoxShape" id=21]
extents = Vector3( 0.118431, 0.499133, 0.0713888 )

[node name="map_2" type="Spatial"]
transform = Transform( 1.5, 0, 0, 0, 1.5, 0, 0, 0, 1.5, 0, 0, 0 )

[node name="base_map" type="KinematicBody" parent="."]
script = ExtResource( 5 )

[node name="base_principal" type="Spatial" parent="base_map"]
transform = Transform( 1, 0, 0, 0, 1, 0, 0, 0, 1, 0, 17.0884, 0 )

[node name="base_redondo" parent="base_map/base_principal" instance=ExtResource( 1 )]
transform = Transform( 35, 0, 0, 0, 35, 0, 0, 0, 35, 0, 0, 0 )

[node name="plataformas" type="Spatial" parent="base_map"]

[node name="base_superior" parent="base_map/plataformas" instance=ExtResource( 7 )]
transform = Transform( 35, 0, 0, 0, 1, 0, 0, 0, 35, 0, 34.12, 0 )

[node name="base_superior_cortado" parent="base_map/plataformas" instance=ExtResource( 8 )]
transform = Transform( -18.1518, 0, -29.9251, 0, 1, 0, 29.9251, 0, -18.1518, 0, 36.75, 0 )

[node name="base_superior_cortado2" parent="base_map/plataformas" instance=ExtResource( 8 )]
transform = Transform( 34.9428, 0, 2.00011, 0, 1, 0, -2.00011, 0, 34.9428, 0, 39.436, 0 )

[node name="base_superior_cortado3" parent="base_map/plataformas" instance=ExtResource( 8 )]
transform = Transform( -31.0021, 0, -16.2441, 0, 1, 0, 16.2441, 0, -31.0021, 0, 41.945, 0 )

[node name="base_superior_cortado4" parent="base_map/plataformas" instance=ExtResource( 8 )]
transform = Transform( 17.6384, 0, 30.2306, 0, 1, 0, -30.2306, 0, 17.6384, 0, 45.1999, 0 )

[node name="base_superior_cortado5" parent="base_map/plataformas" instance=ExtResource( 8 )]
transform = Transform( -21.1833, 0, -27.8616, 0, 1, 0, 27.8616, 0, -21.1833, 0, 48.4747, 0 )

[node name="lasers" type="Spatial" parent="base_map/plataformas"]

[node name="verticais" type="Spatial" parent="base_map/plataformas/lasers"]

[node name="laser" type="Spatial" parent="base_map/plataformas/lasers/verticais"]
transform = Transform( 0.946941, 0, -0.321406, 0, 1, 0, 0.321406, 0, 0.946941, -68.9565, 49.3018, 6.73547 )

[node name="laser_vertical2" parent="base_map/plataformas/lasers/verticais/laser" instance=ExtResource( 21 )]
transform = Transform( -0.256251, -0.00313666, -0.429332, -0.0010905, 0.49999, -0.003002, 0.429342, -0.000602151, -0.256252, 0.0364952, -0.208996, -0.020134 )

[node name="laser2" type="Spatial" parent="base_map/plataformas/lasers/verticais"]
transform = Transform( 0.914706, 0, 0.40412, 0, 1, 0, -0.40412, 0, 0.914706, -68.5187, 49.3018, 5.99439 )

[node name="laser_vertical2" parent="base_map/plataformas/lasers/verticais/laser2" instance=ExtResource( 21 )]
transform = Transform( -0.256251, -0.00313666, -0.429332, -0.0010905, 0.49999, -0.003002, 0.429342, -0.000602151, -0.256252, 0.0364952, -0.208996, -0.020134 )

[node name="laser3" type="Spatial" parent="base_map/plataformas/lasers/verticais"]
transform = Transform( 0.836955, 0, 0.547271, 0, 1, 0, -0.547271, 0, 0.836955, -68.4865, 49.3018, 5.02047 )

[node name="laser_vertical2" parent="base_map/plataformas/lasers/verticais/laser3" instance=ExtResource( 21 )]
transform = Transform( -0.256251, -0.00313666, -0.429332, -0.0010905, 0.49999, -0.003002, 0.429342, -0.000602151, -0.256252, 0.0364952, -0.208996, -0.020134 )

[node name="laser4" type="Spatial" parent="base_map/plataformas/lasers/verticais"]
transform = Transform( 0.807259, 0, 0.590197, 0, 1, 0, -0.590197, 0, 0.807259, -68.5207, 49.3018, 4.09031 )

[node name="laser_vertical2" parent="base_map/plataformas/lasers/verticais/laser4" instance=ExtResource( 21 )]
transform = Transform( -0.256251, -0.00313666, -0.429332, -0.0010905, 0.49999, -0.003002, 0.429342, -0.000602151, -0.256252, 0.0364952, -0.208996, -0.020134 )

[node name="laser5" type="Spatial" parent="base_map/plataformas/lasers/verticais"]
transform = Transform( 0.794404, 0, 0.60739, 0, 1, 0, -0.60739, 0, 0.794404, -66.699, 49.3018, 4.99651 )

[node name="laser_vertical2" parent="base_map/plataformas/lasers/verticais/laser5" instance=ExtResource( 21 )]
transform = Transform( -0.256251, -0.00313666, -0.429332, -0.0010905, 0.49999, -0.003002, 0.429342, -0.000602151, -0.256252, 0.036499, -0.208996, -0.0201302 )

[node name="laser7" type="Spatial" parent="base_map/plataformas/lasers/verticais"]
transform = Transform( 0.702451, 0, 0.711732, 0, 1, 0, -0.711732, 0, 0.702451, -66.5222, 49.3018, 5.8933 )

[node name="laser_vertical2" parent="base_map/plataformas/lasers/verticais/laser7" instance=ExtResource( 21 )]
transform = Transform( -0.256251, -0.00313666, -0.429332, -0.0010905, 0.49999, -0.003002, 0.429342, -0.000602151, -0.256252, 0.036499, -0.208996, -0.0201302 )

[node name="laser8" type="Spatial" parent="base_map/plataformas/lasers/verticais"]
transform = Transform( -0.311904, 0, 0.950114, 0, 1, 0, -0.950114, 0, -0.311904, -65.8782, 49.3018, 6.33955 )

[node name="laser_vertical2" parent="base_map/plataformas/lasers/verticais/laser8" instance=ExtResource( 21 )]
transform = Transform( -0.256251, -0.00313666, -0.429332, -0.0010905, 0.49999, -0.003002, 0.429342, -0.000602151, -0.256252, 0.036499, -0.208996, -0.0201302 )

[node name="laser6" type="Spatial" parent="base_map/plataformas/lasers/verticais"]
transform = Transform( 0.794404, 0, 0.60739, 0, 1, 0, -0.60739, 0, 0.794404, -66.8164, 49.3018, 4.08898 )

[node name="laser_vertical2" parent="base_map/plataformas/lasers/verticais/laser6" instance=ExtResource( 21 )]
transform = Transform( -0.256251, -0.00313666, -0.429332, -0.0010905, 0.49999, -0.003002, 0.429342, -0.000602151, -0.256252, 0.0364952, -0.208996, -0.020134 )

[node name="laser-1" type="Spatial" parent="base_map/plataformas/lasers/verticais"]
transform = Transform( 0.482391, 0, -0.131524, 0, 0.5, 0, 0.131524, 0, 0.482391, 18.258, 37.4049, -66.9165 )

[node name="laser_vertical" parent="base_map/plataformas/lasers/verticais/laser-1" instance=ExtResource( 21 )]
transform = Transform( 0.271568, 0.00637068, 0.9624, -0.002181, 0.99998, -0.006004, -0.962418, -0.000468509, 0.271577, 47.2203, 23.182, 8.14792 )

[node name="laser-2" type="Spatial" parent="base_map/plataformas/lasers/verticais"]
transform = Transform( 0.482391, 0, -0.131524, 0, 0.5, 0, 0.131524, 0, 0.482391, 17.4077, 37.4049, -63.9213 )

[node name="laser_vertical" parent="base_map/plataformas/lasers/verticais/laser-2" instance=ExtResource( 21 )]
transform = Transform( -0.951333, -0.00392503, -0.308143, -0.002181, 0.99998, -0.006004, 0.30816, -0.00503974, -0.951323, -128.739, 16.8034, 170.371 )

[node name="laser-3" type="Spatial" parent="base_map/plataformas/lasers/verticais"]
transform = Transform( 0.472671, 0, -0.16304, 0, 0.5, 0, 0.16304, 0, 0.472671, 19.0291, 37.4049, -66.3246 )

[node name="laser_vertical" parent="base_map/plataformas/lasers/verticais/laser-3" instance=ExtResource( 21 )]
transform = Transform( -0.20449, -0.00632313, -0.978849, -0.002181, 0.99998, -0.006004, 0.978867, 0.000907127, -0.204498, -117.487, 16.8034, 192.76 )

[node name="laser-4" type="Spatial" parent="base_map/plataformas/lasers/verticais"]
transform = Transform( 0.480404, 0, -0.138607, 0, 0.5, 0, 0.138607, 0, 0.480404, 18.4614, 37.4049, -63.9623 )

[node name="laser_vertical" parent="base_map/plataformas/lasers/verticais/laser-4" instance=ExtResource( 21 )]
transform = Transform( 0.257379, 0.0063631, 0.96629, -0.002181, 0.99998, -0.006004, -0.966309, -0.000562187, 0.257388, 44.7745, 23.182, 3.99924 )

[node name="laser-5" type="Spatial" parent="base_map/plataformas/lasers/verticais"]
transform = Transform( 0.474226, 0, -0.158462, 0, 0.5, 0, 0.158462, 0, 0.474226, 19.7822, 37.4049, -65.7429 )

[node name="laser_vertical" parent="base_map/plataformas/lasers/verticais/laser-5" instance=ExtResource( 21 )]
transform = Transform( 0.999601, 0.00201082, -0.0282077, -0.002181, 0.99998, -0.006004, 0.0281938, 0.00606313, 0.999584, -3.35852, 23.182, 1.39342 )

[node name="laser-6" type="Spatial" parent="base_map/plataformas/lasers/verticais"]
transform = Transform( 0.480404, 0, -0.138607, 0, 0.5, 0, 0.138607, 0, 0.480404, 19.5708, 37.4049, -63.9674 )

[node name="laser_vertical" parent="base_map/plataformas/lasers/verticais/laser-6" instance=ExtResource( 21 )]
transform = Transform( -0.760265, -0.0055584, -0.649592, -0.002181, 0.99998, -0.006004, 0.649612, -0.00314787, -0.76026, -69.6948, 10.2496, 254.934 )

[node name="laser-7" type="Spatial" parent="base_map/plataformas/lasers/verticais"]
transform = Transform( 0.480404, 0, -0.138607, 0, 0.5, 0, 0.138607, 0, 0.480404, 20.5699, 37.4049, -63.8414 )

[node name="laser_vertical" parent="base_map/plataformas/lasers/verticais/laser-7" instance=ExtResource( 21 )]
transform = Transform( 0.173299, 0.00629113, 0.98485, -0.002181, 0.99998, -0.006004, -0.984868, -0.00110749, 0.173308, 24.0532, 23.182, 2.68285 )

[node name="laser-8" type="Spatial" parent="base_map/plataformas/lasers/verticais"]
transform = Transform( 0.480404, 0, -0.138607, 0, 0.5, 0, 0.138607, 0, 0.480404, 20.877, 37.4049, -65.2605 )

[node name="laser_vertical" parent="base_map/plataformas/lasers/verticais/laser-8" instance=ExtResource( 21 )]
transform = Transform( 0.173299, 0.00629113, 0.98485, -0.002181, 0.99998, -0.006004, -0.984868, -0.00110749, 0.173308, 18.5147, 23.182, 0.389923 )

[node name="laser-9" type="Spatial" parent="base_map/plataformas/lasers/verticais"]
transform = Transform( 0.480404, 0, -0.138607, 0, 0.5, 0, 0.138607, 0, 0.480404, 21.8579, 37.4049, -64.9442 )

[node name="laser_vertical" parent="base_map/plataformas/lasers/verticais/laser-9" instance=ExtResource( 21 )]
transform = Transform( 0.999402, 0.00197216, -0.0345738, -0.002181, 0.99998, -0.006004, 0.0345624, 0.00607581, 0.999384, -5.71912, 23.182, 2.60237 )

[node name="laser-10" type="Spatial" parent="base_map/plataformas/lasers/verticais"]
transform = Transform( 0.46928, 0, -0.172559, 0, 0.5, 0, 0.172559, 0, 0.46928, 22.8797, 37.4049, -64.6117 )

[node name="laser_vertical" parent="base_map/plataformas/lasers/verticais/laser-10" instance=ExtResource( 21 )]
transform = Transform( -0.997928, -0.00256269, -0.0643147, -0.002181, 0.99998, -0.006004, 0.0643291, -0.00585127, -0.997912, -19.6973, 23.182, 0.796463 )

[node name="laser-11" type="Spatial" parent="base_map/plataformas/lasers/verticais"]
transform = Transform( 0.467366, 0, -0.177676, 0, 0.5, 0, 0.177676, 0, 0.467366, 23.851, 37.4049, -64.2615 )

[node name="laser_vertical" parent="base_map/plataformas/lasers/verticais/laser-11" instance=ExtResource( 21 )]
transform = Transform( 0.998856, 0.00246553, 0.0477971, -0.002181, 0.99998, -0.006004, -0.0478099, 0.00589288, 0.998839, -7.94972, 23.182, 1.31796 )

[node name="laser-12" type="Spatial" parent="base_map/plataformas/lasers/verticais"]
transform = Transform( 0.453265, 0, -0.211072, 0, 0.5, 0, 0.211072, 0, 0.453265, 24.829, 37.4049, -63.9098 )

[node name="laser_vertical" parent="base_map/plataformas/lasers/verticais/laser-12" instance=ExtResource( 21 )]
transform = Transform( 0.0192619, 0.0060449, 0.999795, -0.002181, 0.99998, -0.006004, -0.999812, -0.00206492, 0.019274, 16.4431, 23.182, 4.71405 )

[node name="laser-13" type="Spatial" parent="base_map/plataformas/lasers/verticais"]
transform = Transform( 0.453265, 0, -0.211072, 0, 0.5, 0, 0.211072, 0, 0.453265, 25.7764, 37.4049, -63.4991 )

[node name="laser_vertical" parent="base_map/plataformas/lasers/verticais/laser-13" instance=ExtResource( 21 )]
transform = Transform( -0.941449, -0.00407753, -0.337132, -0.002181, 0.99998, -0.006004, 0.33715, -0.00491716, -0.941438, -38.496, 23.182, 9.0228 )

[node name="laser-14" type="Spatial" parent="base_map/plataformas/lasers/verticais"]
transform = Transform( 0.454491, 0, -0.208418, 0, 0.5, 0, 0.208418, 0, 0.454491, 27.6579, 37.4049, -62.6547 )

[node name="laser_vertical" parent="base_map/plataformas/lasers/verticais/laser-14" instance=ExtResource( 21 )]
transform = Transform( 0.246772, 0.00635655, 0.969053, -0.002181, 0.99998, -0.006004, -0.969073, -0.000631891, 0.246781, 38.721, 23.182, 7.71205 )

[node name="laser-15" type="Spatial" parent="base_map/plataformas/lasers/verticais"]
transform = Transform( 0.453265, 0, -0.211072, 0, 0.5, 0, 0.211072, 0, 0.453265, 28.623, 37.4049, -62.2591 )

[node name="laser_vertical" parent="base_map/plataformas/lasers/verticais/laser-15" instance=ExtResource( 21 )]
transform = Transform( -0.019814, 0.00595962, 0.999785, -0.002181, 0.99998, -0.006004, -0.999801, -0.00229951, -0.0198001, -12.5848, 23.182, 2.5462 )

[node name="laser-16" type="Spatial" parent="base_map/plataformas/lasers/verticais"]
transform = Transform( 0.453265, 0, -0.211072, 0, 0.5, 0, 0.211072, 0, 0.453265, 29.5321, 37.4049, -61.8721 )

[node name="laser_vertical" parent="base_map/plataformas/lasers/verticais/laser-16" instance=ExtResource( 21 )]
transform = Transform( 0.992765, 0.00288601, 0.120041, -0.002181, 0.99998, -0.006004, -0.120055, 0.00569875, 0.992749, -15.9842, 23.182, 1.95673 )

[node name="laser-17" type="Spatial" parent="base_map/plataformas/lasers/verticais"]
transform = Transform( 0.453265, 0, -0.211072, 0, 0.5, 0, 0.211072, 0, 0.453265, 26.751, 37.4049, -63.0585 )

[node name="laser_vertical" parent="base_map/plataformas/lasers/verticais/laser-17" instance=ExtResource( 21 )]
transform = Transform( 0.992765, 0.00288601, 0.120041, -0.002181, 0.99998, -0.006004, -0.120055, 0.00569875, 0.992749, -13.6475, 23.182, 3.77017 )

[node name="laser-18" type="Spatial" parent="base_map/plataformas/lasers/verticais"]
transform = Transform( 0.480404, 0, -0.138607, 0, 0.5, 0, 0.138607, 0, 0.480404, 21.4831, 37.4049, -63.5941 )

[node name="laser_vertical" parent="base_map/plataformas/lasers/verticais/laser-18" instance=ExtResource( 21 )]
transform = Transform( 0.173299, 0.00629113, 0.98485, -0.002181, 0.99998, -0.006004, -0.984868, -0.00110749, 0.173308, 16.1516, 23.182, -0.682587 )

[node name="laser-19" type="Spatial" parent="base_map/plataformas/lasers/verticais"]
transform = Transform( 0.46928, 0, -0.172559, 0, 0.5, 0, 0.172559, 0, 0.46928, 22.5049, 37.4049, -63.2617 )

[node name="laser_vertical" parent="base_map/plataformas/lasers/verticais/laser-19" instance=ExtResource( 21 )]
transform = Transform( 0.16693, -0.0055557, -0.985954, -0.002181, 0.99998, -0.006004, 0.985967, 0.00315261, 0.166914, -20.8542, 23.182, 3.15501 )

[node name="laser-20" type="Spatial" parent="base_map/plataformas/lasers/verticais"]
transform = Transform( 0.467366, 0, -0.177676, 0, 0.5, 0, 0.177676, 0, 0.467366, 23.4762, 37.4049, -62.9114 )

[node name="laser_vertical" parent="base_map/plataformas/lasers/verticais/laser-20" instance=ExtResource( 21 )]
transform = Transform( 0.987405, 0.00310334, 0.158184, -0.002181, 0.99998, -0.006004, -0.1582, 0.00558338, 0.987392, -19.3136, 23.182, 2.44704 )

[node name="laser-21" type="Spatial" parent="base_map/plataformas/lasers/verticais"]
transform = Transform( 0.453265, 0, -0.211072, 0, 0.5, 0, 0.211072, 0, 0.453265, 24.4211, 37.4049, -62.4721 )

[node name="laser_vertical" parent="base_map/plataformas/lasers/verticais/laser-21" instance=ExtResource( 21 )]
transform = Transform( -0.116209, 0.00570988, 0.993209, -0.002181, 0.99998, -0.006004, -0.993222, -0.00286391, -0.116194, -15.4499, 23.182, 0.769836 )

[node name="laser-22" type="Spatial" parent="base_map/plataformas/lasers/verticais"]
transform = Transform( 0.453265, 0, -0.211072, 0, 0.5, 0, 0.211072, 0, 0.453265, 25.342, 37.4049, -62.0745 )

[node name="laser_vertical" parent="base_map/plataformas/lasers/verticais/laser-22" instance=ExtResource( 21 )]
transform = Transform( 0.992765, 0.00288601, 0.120041, -0.002181, 0.99998, -0.006004, -0.120055, 0.00569875, 0.992749, -10.0428, 23.182, 0.529846 )

[node name="laser-23" type="Spatial" parent="base_map/plataformas/lasers/verticais"]
transform = Transform( 0.453265, 0, -0.211072, 0, 0.5, 0, 0.211072, 0, 0.453265, 27.2464, 37.4049, -61.2352 )

[node name="laser_vertical" parent="base_map/plataformas/lasers/verticais/laser-23" instance=ExtResource( 21 )]
transform = Transform( 0.992765, 0.00288601, 0.120041, -0.002181, 0.99998, -0.006004, -0.120055, 0.00569875, 0.992749, -20.1529, 23.182, 1.53596 )

[node name="laser-24" type="Spatial" parent="base_map/plataformas/lasers/verticais"]
transform = Transform( 0.453265, 0, -0.211072, 0, 0.5, 0, 0.211072, 0, 0.453265, 28.0968, 37.4049, -60.8803 )

[node name="laser_vertical" parent="base_map/plataformas/lasers/verticais/laser-24" instance=ExtResource( 21 )]
transform = Transform( -0.59279, 0.00354252, 0.805349, -0.002181, 0.99998, -0.006004, -0.805354, -0.00531558, -0.59277, -83.0275, 23.182, 26.8209 )

[node name="laser-25" type="Spatial" parent="base_map/plataformas/lasers/verticais"]
transform = Transform( 0.453265, 0, -0.211072, 0, 0.5, 0, 0.211072, 0, 0.453265, 28.9721, 37.4049, -60.513 )

[node name="laser_vertical" parent="base_map/plataformas/lasers/verticais/laser-25" instance=ExtResource( 21 )]
transform = Transform( 0.987358, 0.00310499, 0.158476, -0.002181, 0.99998, -0.006004, -0.158491, 0.00558246, 0.987343, -32.1505, 23.182, -0.165756 )

[node name="laser-26" type="Spatial" parent="base_map/plataformas/lasers/verticais"]
transform = Transform( 0.453265, 0, -0.211072, 0, 0.5, 0, 0.211072, 0, 0.453265, 26.347, 37.4049, -61.6272 )

[node name="laser_vertical" parent="base_map/plataformas/lasers/verticais/laser-26" instance=ExtResource( 21 )]
transform = Transform( 0.43533, -0.00445579, -0.900259, -0.002181, 0.99998, -0.006004, 0.900268, 0.00457719, 0.435311, -49.7894, 23.182, 12.8478 )

[node name="laser-27" type="Spatial" parent="base_map/plataformas/lasers/verticais"]
transform = Transform( 0.227796, 0, -0.445095, 0, 0.5, 0, 0.445095, 0, 0.227796, 32.1199, 40.0266, 58.04 )

[node name="laser_vertical" parent="base_map/plataformas/lasers/verticais/laser-27" instance=ExtResource( 21 )]
transform = Transform( -0.454807, -0.00633903, -0.890566, -0.002181, 0.99998, -0.006004, 0.890587, -0.000788338, -0.454812, -250.311, 17.9386, -63.1767 )

[node name="laser-28" type="Spatial" parent="base_map/plataformas/lasers/verticais"]
transform = Transform( 0.251842, 0, -0.431944, 0, 0.5, 0, 0.431944, 0, 0.251842, 33.0186, 40.0266, 57.5522 )

[node name="laser_vertical" parent="base_map/plataformas/lasers/verticais/laser-28" instance=ExtResource( 21 )]
transform = Transform( -0.994392, -0.0015339, 0.105749, -0.002181, 0.99998, -0.006004, -0.105738, -0.00620096, -0.994376, -267.884, 17.9386, -28.3407 )

[node name="laser-29" type="Spatial" parent="base_map/plataformas/lasers/verticais"]
transform = Transform( 0.251842, 0, -0.431944, 0, 0.5, 0, 0.431944, 0, 0.251842, 36.4579, 40.0266, 58.7629 )

[node name="laser_vertical" parent="base_map/plataformas/lasers/verticais/laser-29" instance=ExtResource( 21 )]
transform = Transform( 0.90482, 0, -0.425796, 0, 1, 0, 0.425796, 0, 0.90482, -191.517, 0.0133972, -117.653 )

[node name="laser-30" type="Spatial" parent="base_map/plataformas/lasers/verticais"]
transform = Transform( 0.251842, 0, -0.431944, 0, 0.5, 0, 0.431944, 0, 0.251842, 34.5354, 40.0266, 56.5656 )

[node name="laser_vertical" parent="base_map/plataformas/lasers/verticais/laser-30" instance=ExtResource( 21 )]
transform = Transform( -0.417337, -0.00636636, -0.90873, -0.002181, 0.99998, -0.006004, 0.90875, -0.000523739, -0.417343, -255.007, 17.9386, -53.4647 )

[node name="laser-31" type="Spatial" parent="base_map/plataformas/lasers/verticais"]
transform = Transform( 0.251842, 0, -0.431944, 0, 0.5, 0, 0.431944, 0, 0.251842, 37.8397, 40.0266, 57.6784 )

[node name="laser_vertical" parent="base_map/plataformas/lasers/verticais/laser-31" instance=ExtResource( 21 )]
transform = Transform( -0.502923, -0.00628632, -0.864309, -0.002181, 0.99998, -0.006004, 0.864329, -0.00113449, -0.502927, -250.492, 17.9386, -68.3133 )

[node name="laser-32" type="Spatial" parent="base_map/plataformas/lasers/verticais"]
transform = Transform( -0.261078, 0, -0.426425, 0, 0.5, 0, 0.426425, 0, -0.261078, 38.1461, 40.0562, 56.5906 )

[node name="laser_vertical" parent="base_map/plataformas/lasers/verticais/laser-32" instance=ExtResource( 21 )]
transform = Transform( -0.467461, -0.00632714, -0.883993, -0.002181, 0.99998, -0.006004, 0.884012, -0.000878636, -0.467465, -162.588, 17.8794, 213.202 )

[node name="laser-33" type="Spatial" parent="base_map/plataformas/lasers/verticais"]
transform = Transform( 0.426448, 0, 0.261041, 0, 0.5, 0, -0.261041, 0, 0.426448, 38.9936, 40.0266, 55.6312 )

[node name="laser_vertical" parent="base_map/plataformas/lasers/verticais/laser-33" instance=ExtResource( 21 )]
transform = Transform( -0.86087, -0.00493252, -0.508802, -0.002181, 0.99998, -0.006004, 0.508821, -0.00405897, -0.860863, 64.0891, 17.9386, -248.843 )

[node name="laser-34" type="Spatial" parent="base_map/plataformas/lasers/verticais"]
transform = Transform( 0.426448, 0, 0.261041, 0, 0.5, 0, -0.261041, 0, 0.426448, 40.0374, 40.0266, 55.0326 )

[node name="laser_vertical" parent="base_map/plataformas/lasers/verticais/laser-34" instance=ExtResource( 21 )]
transform = Transform( -0.899597, 0.000660052, 0.436721, -0.002181, 0.99998, -0.006004, -0.436716, -0.00635367, -0.899577, 50.0577, 17.9386, -255.814 )

[node name="laser-35" type="Spatial" parent="base_map/plataformas/lasers/verticais"]
transform = Transform( 0.480571, 0, 0.138028, 0, 0.5, 0, -0.138028, 0, 0.480571, 42.2169, 40.0266, 53.8689 )

[node name="laser_vertical" parent="base_map/plataformas/lasers/verticais/laser-35" instance=ExtResource( 21 )]
transform = Transform( -0.984247, -0.00108519, 0.176795, -0.002181, 0.99998, -0.006004, -0.176785, -0.00629501, -0.98423, -9.84638, 17.9386, -255.783 )

[node name="laser-36" type="Spatial" parent="base_map/plataformas/lasers/verticais"]
transform = Transform( 0.422155, 0, 0.267928, 0, 0.5, 0, -0.267928, 0, 0.422155, 41.1111, 40.0266, 54.4174 )

[node name="laser_vertical" parent="base_map/plataformas/lasers/verticais/laser-36" instance=ExtResource( 21 )]
transform = Transform( -0.89239, 0.000763088, 0.451264, -0.002181, 0.99998, -0.006004, -0.451259, -0.00634212, -0.892371, 53.7626, 17.9386, -254.049 )

[node name="laser-37" type="Spatial" parent="base_map/plataformas/lasers/verticais"]
transform = Transform( 0.498962, 0, 0.0322051, 0, 0.5, 0, -0.0322051, 0, 0.498962, 40.9215, 40.0266, 51.9391 )

[node name="laser_vertical" parent="base_map/plataformas/lasers/verticais/laser-37" instance=ExtResource( 21 )]
transform = Transform( -0.999951, -0.00223843, -0.00957536, -0.002181, 0.99998, -0.006004, 0.00958844, -0.00598282, -0.999937, -81.6461, 17.9386, -243.546 )

[node name="laser-38" type="Spatial" parent="base_map/plataformas/lasers/verticais"]
transform = Transform( 0.496872, 0, 0.0558385, 0, 0.5, 0, -0.0558385, 0, 0.496872, 41.8845, 40.0266, 51.8975 )

[node name="laser_vertical" parent="base_map/plataformas/lasers/verticais/laser-38" instance=ExtResource( 21 )]
transform = Transform( 0.828677, 0, -0.559728, 0, 1, 0, 0.559728, 0, 0.828677, 51.325, 0.114792, -60.8637 )

[node name="laser-39" type="Spatial" parent="base_map/plataformas/lasers/verticais"]
transform = Transform( 0.434307, 0, 0.247745, 0, 0.5, 0, -0.247745, 0, 0.434307, 42.9538, 40.0266, 51.4856 )

[node name="laser_vertical" parent="base_map/plataformas/lasers/verticais/laser-39" instance=ExtResource( 21 )]
transform = Transform( -0.0166028, 0.00596697, 0.999846, -0.002181, 0.99998, -0.006004, -0.99986, -0.00228035, -0.01659, 26.3514, 17.9386, -259.274 )

[node name="laser-40" type="Spatial" parent="base_map/plataformas/lasers/verticais"]
transform = Transform( 0.41142, 0, 0.284137, 0, 0.5, 0, -0.284137, 0, 0.41142, 44.0225, 40.0266, 50.8995 )

[node name="laser_vertical" parent="base_map/plataformas/lasers/verticais/laser-40" instance=ExtResource( 21 )]
transform = Transform( -0.878428, 0.000953336, 0.477876, -0.002181, 0.99998, -0.006004, -0.477872, -0.00631632, -0.878408, 47.1971, 17.9386, -253.678 )

[node name="laser-41" type="Spatial" parent="base_map/plataformas/lasers/verticais"]
transform = Transform( 0.391863, 0, 0.310553, 0, 0.5, 0, -0.310553, 0, 0.391863, 44.9954, 40.0266, 50.1586 )

[node name="laser_vertical" parent="base_map/plataformas/lasers/verticais/laser-41" instance=ExtResource( 21 )]
transform = Transform( -0.895537, -0.00462484, -0.444966, -0.002181, 0.99998, -0.006004, 0.444986, -0.00440632, -0.895529, -138.798, 11.5106, -177.455 )

[node name="laser-42" type="Spatial" parent="base_map/plataformas/lasers/verticais"]
transform = Transform( -0.361092, 0, 0.345851, 0, 0.5, 0, -0.345851, 0, -0.361092, 48.5084, 40.013, 47.2041 )

[node name="laser_vertical" parent="base_map/plataformas/lasers/verticais/laser-42" instance=ExtResource( 21 )]
transform = Transform( 0.963246, 0.00048807, -0.268619, -0.002181, 0.99998, -0.006004, 0.268611, 0.00636918, 0.963229, 241.324, 17.9658, 84.6973 )

[node name="laser-43" type="Spatial" parent="base_map/plataformas/lasers/verticais"]
transform = Transform( -0.361092, 0, 0.345851, 0, 0.5, 0, -0.345851, 0, -0.361092, 51.6629, 40.0902, 45.1411 )

[node name="laser_vertical" parent="base_map/plataformas/lasers/verticais/laser-43" instance=ExtResource( 21 )]
transform = Transform( 0.926784, -0.000233742, -0.375594, -0.002181, 0.99998, -0.006004, 0.375588, 0.00638358, 0.926766, 260.924, 17.8114, 48.9933 )

[node name="laser-44" type="Spatial" parent="base_map/plataformas/lasers/verticais"]
transform = Transform( -0.385401, 0, 0.318537, 0, 0.5, 0, -0.318537, 0, -0.385401, 50.9253, 40.084, 42.9672 )

[node name="laser_vertical" parent="base_map/plataformas/lasers/verticais/laser-44" instance=ExtResource( 21 )]
transform = Transform( 0.88005, -0.000931843, -0.474885, -0.002181, 0.99998, -0.006004, 0.474881, 0.00631954, 0.88003, 258.17, 17.8238, 61.074 )

[node name="laser-45" type="Spatial" parent="base_map/plataformas/lasers/verticais"]
transform = Transform( -0.369875, 0, 0.336442, 0, 0.5, 0, -0.336442, 0, -0.369875, 53.9497, 40.084, 41.5939 )

[node name="laser_vertical" parent="base_map/plataformas/lasers/verticais/laser-45" instance=ExtResource( 21 )]
transform = Transform( -0.126863, 0.00567881, 0.991903, -0.002181, 0.99998, -0.006004, -0.991916, -0.00292502, -0.126848, 228.449, 11.4452, -112.595 )

[node name="laser-46" type="Spatial" parent="base_map/plataformas/lasers/verticais"]
transform = Transform( -0.369875, 0, 0.336442, 0, 0.5, 0, -0.336442, 0, -0.369875, 55.2259, 40.084, 41.8372 )

[node name="laser_vertical" parent="base_map/plataformas/lasers/verticais/laser-46" instance=ExtResource( 21 )]
transform = Transform( -0.998884, -0.00189543, 0.0471646, -0.002181, 0.99998, -0.006004, -0.0471527, -0.00610016, -0.998868, 221.365, 11.3958, -115.038 )

[node name="laser-47" type="Spatial" parent="base_map/plataformas/lasers/verticais"]
transform = Transform( -0.369875, 0, 0.336442, 0, 0.5, 0, -0.336442, 0, -0.369875, 54.4204, 40.084, 41.0911 )

[node name="laser_vertical" parent="base_map/plataformas/lasers/verticais/laser-47" instance=ExtResource( 21 )]
transform = Transform( -0.191344, 0.00547575, 0.981506, -0.002181, 0.99998, -0.006004, -0.98152, -0.00328951, -0.191329, 228.339, 11.4452, -115.819 )

[node name="laser-48" type="Spatial" parent="base_map/plataformas/lasers/verticais"]
transform = Transform( -0.39582, 0, 0.305494, 0, 0.5, 0, -0.305494, 0, -0.39582, 53.7733, 40.084, 38.675 )

[node name="laser_vertical" parent="base_map/plataformas/lasers/verticais/laser-48" instance=ExtResource( 21 )]
transform = Transform( -0.971846, 0, -0.235618, 0, 1, 0, 0.235618, 0, -0.971846, 2.9344, 0, 45.4039 )

[node name="laser-49" type="Spatial" parent="base_map/plataformas/lasers/verticais"]
transform = Transform( -0.4941, 0, -0.0765879, 0, 0.5, 0, 0.0765879, 0, -0.4941, 56.3808, 40.084, 38.596 )

[node name="laser_vertical" parent="base_map/plataformas/lasers/verticais/laser-49" instance=ExtResource( 21 )]
transform = Transform( -0.137559, -0.00624694, -0.990473, -0.002181, 0.99998, -0.006004, 0.990491, 0.00133432, -0.13757, 233.777, 11.4452, 112.628 )

[node name="laser-50" type="Spatial" parent="base_map/plataformas/lasers/verticais"]
transform = Transform( -0.0515004, 0, -0.497341, 0, 0.5, 0, 0.497341, 0, -0.0515004, 55.8564, 40.084, 38.1516 )

[node name="laser_vertical" parent="base_map/plataformas/lasers/verticais/laser-50" instance=ExtResource( 21 )]
transform = Transform( 0.429345, 0, 0.903142, 0, 1, 0, -0.903142, 0, 0.429345, -15.3663, 0, -5.02075 )

[node name="laser-51" type="Spatial" parent="base_map/plataformas/lasers/verticais"]
transform = Transform( -0.252565, 0, -0.431522, 0, 0.5, 0, 0.431522, 0, -0.252565, 56.7214, 40.084, 36.5115 )

[node name="laser_vertical" parent="base_map/plataformas/lasers/verticais/laser-51" instance=ExtResource( 21 )]
transform = Transform( -0.0781476, 0, -0.996942, 0, 1, 0, 0.996942, 0, -0.0781476, -97.5882, -0.101395, 30.9684 )

[node name="laser-52" type="Spatial" parent="base_map/plataformas/lasers/verticais"]
transform = Transform( -0.252565, 0, -0.431522, 0, 0.5, 0, 0.431522, 0, -0.252565, 57.2536, 40.084, 35.6738 )

[node name="laser_vertical" parent="base_map/plataformas/lasers/verticais/laser-52" instance=ExtResource( 21 )]
transform = Transform( 0.634313, 0, 0.773076, 0, 1, 0, -0.773076, 0, 0.634313, -135.115, -0.101395, 152.992 )

[node name="laser-53" type="Spatial" parent="base_map/plataformas/lasers/verticais"]
transform = Transform( -0.419383, 0, -0.272247, 0, 0.5, 0, 0.272247, 0, -0.419383, 57.847, 40.084, 35.0938 )

[node name="laser_vertical" parent="base_map/plataformas/lasers/verticais/laser-53" instance=ExtResource( 21 )]
transform = Transform( 0.984457, 0, -0.175626, 0, 1, 0, 0.175626, 0, 0.984457, -51.3222, -0.101395, 206.955 )

[node name="laser-54" type="Spatial" parent="base_map/plataformas/lasers/verticais"]
transform = Transform( 0.0504936, 0, -0.497444, 0, 0.5, 0, 0.497444, 0, 0.0504936, 58.2017, 40.084, 35.4312 )

[node name="laser_vertical" parent="base_map/plataformas/lasers/verticais/laser-54" instance=ExtResource( 21 )]
transform = Transform( 0.687107, 0.00586081, 0.726533, -0.002181, 0.99998, -0.006004, -0.726553, 0.00254082, 0.687105, 34.227, 4.88521, 178.234 )

[node name="laser-55" type="Spatial" parent="base_map/plataformas/lasers/verticais"]
transform = Transform( 0.427058, 0, -0.260043, 0, 0.5, 0, 0.260043, 0, 0.427058, 59.1448, 40.084, 30.7679 )

[node name="laser_vertical" parent="base_map/plataformas/lasers/verticais/laser-55" instance=ExtResource( 21 )]
transform = Transform( 0.994019, 0.00151245, -0.109184, -0.002181, 0.99998, -0.006004, 0.109173, 0.00620622, 0.994002, -120.014, 4.88521, 143.887 )

[node name="laser-56" type="Spatial" parent="base_map/plataformas/lasers/verticais"]
transform = Transform( 0.427058, 0, -0.260043, 0, 0.5, 0, 0.260043, 0, 0.427058, 61.1935, 40.084, 32.021 )

[node name="laser_vertical" parent="base_map/plataformas/lasers/verticais/laser-56" instance=ExtResource( 21 )]
transform = Transform( 0.431858, 0.00635712, 0.901917, -0.002181, 0.99998, -0.006004, -0.901937, 0.000625782, 0.431863, -116.571, 4.8914, 140.929 )

[node name="laser-57" type="Spatial" parent="base_map/plataformas/lasers/verticais"]
transform = Transform( 0.422384, 0, -0.267567, 0, 0.5, 0, 0.267567, 0, 0.422384, 61.2083, 40.084, 29.2925 )

[node name="laser_vertical" parent="base_map/plataformas/lasers/verticais/laser-57" instance=ExtResource( 21 )]
transform = Transform( 0.995798, 0.00162216, -0.0915585, -0.002181, 0.99998, -0.006004, 0.0915478, 0.00617846, 0.995781, -123.229, 4.88521, 150.339 )

[node name="laser-58" type="Spatial" parent="base_map/plataformas/lasers/verticais"]
transform = Transform( 0.42408, 0, -0.264871, 0, 0.5, 0, 0.264871, 0, 0.42408, 63.4793, 40.084, 27.4729 )

[node name="laser_vertical" parent="base_map/plataformas/lasers/verticais/laser-58" instance=ExtResource( 21 )]
transform = Transform( 0.790999, 0, -0.611817, 0, 1, 0, 0.611817, 0, 0.790999, -161.721, -0.101395, -112.412 )

[node name="laser-59" type="Spatial" parent="base_map/plataformas/lasers/verticais"]
transform = Transform( 0.42408, 0, -0.264871, 0, 0.5, 0, 0.264871, 0, 0.42408, 61.2871, 40.084, 26.173 )

[node name="laser_vertical" parent="base_map/plataformas/lasers/verticais/laser-59" instance=ExtResource( 21 )]
transform = Transform( 0.891504, 0, -0.45301, 0, 1, 0, 0.45301, 0, 0.891504, -9.70416, 4.7886, 80.0199 )

[node name="laser-60" type="Spatial" parent="base_map/plataformas/lasers/verticais"]
transform = Transform( 0.42408, 0, -0.264871, 0, 0.5, 0, 0.264871, 0, 0.42408, 63.0582, 40.084, 24.8466 )

[node name="laser_vertical" parent="base_map/plataformas/lasers/verticais/laser-60" instance=ExtResource( 21 )]
